,,,,,
38.765,22.708,11.918,1,2.8294,14
207.33,32.944,24.55,2,1.8291,6
300,41.786,21.413,3,1.4473,6
563.78,37.164,18.993,4,1.9538,7
1000,36.065,15.039,5,1.7767,9
1000,53.418,7.7723,6,1.1473,9
1454.5,39.46,15.323,7,1.5892,11
2000,100.63,7.5021,8,0.64255,12
8784.3,62.633,9.485,9,0.98224,8
43500,95.416,21.726,10,0.62945,2
9000,41.309,26.388,11,1.5766,12
21792,116.89,28.983,12,0.56692,3
19489,54.245,38.488,13,1.1862,4
30000,55.94,21.384,14,1.0938,4
52000,84.661,29.063,15,0.80717,4
92000,76.188,19.065,16,0.85822,10
